
33333333333333333333333333333333333333333333333333333333333333333333333333333333333333333333333333333333
30000000000000000000000000000000000000000000000000000000000000000000000000000000000000000000000000000003
30000000000000000000000000000000000000000000000000000000000000000000000000000000000000000000000000000003
30000000000000000000000000000000000000000000000000000000000000000000000000000000000000000000000000000003
30000000000000000000000000000000000000000000000000000000000000000000000000000000000000000000000000000003
30000000000000000000000000000000000000000000000000000000000000000000000000000000000000000000000000000003
30000000000000000000000000000000000000000000000000000000000000000000000000000000000000000000000000000003
30000000000000000000000000000000000000000000000000000000000000000000000000000000000000000000000000000003
30000000000000000000000000000000000000000000000000000000000000000000000000000000000000000000000000000003
30000000000000000000000000050000000000000000000000000000000500000000000000000000000000000000000000000003
30000000000000000000000000000000000000000000000000000000011111000000000000000000000000000000000000000003
30000000000000000000000000000000000000000000000000000001122222000000000000000000000000000000000000000003
30000000000000000000000000000000000000000000000000000000000000000000000000000000000000000000000000000003
30000000000000000000000000000000000000000000050000000000000000000000000000050000000000000000000000000003
30000000000110000000000000000000000000000000000000000000000000000000000000000000000000000000000000000003
30000000111220000000000000000000000000000000000000000000000000000000000000000000000011111000000000000003
30000000000330000000000000000000000000000000000000000000000000000000000000000000000022222000000000000003
30000000000000000000000000000000000000000000000000000000000000000000000000000000000033000000000000000003
30000000000000000000000000011100000000000000000000000000000000000000000000000000000000000000000000000003
30000000000000000000000011122200000000000000000000000000000000000000000000000000000000000000000000000003
30000000000000000000011122233300000000000000000000000000000000000000000000000000000000000000000060000073
31111111111111111111122233333311111111111111111111111111111111111111111111111111111111111111111111111113
32222222222222222222333333333322222222222222222222222222222222222222222222222222222222222222222222222223
33333333333333333333333333333333333333333333333333333333333333333333333333333333333333333333333333333333
33333333333333333333333333333333333333333333333333333333333333333333333333333333333333333333333333333333
33333333333333333333333333333333333333333333333333333333333333333333333333333333333333333333333333333333
33333333333333333333333333333333333333333333333333333333333333333333333333333333333333333333333333333333
33333333333333333333333333333333333333333333333333333333333333333333333333333333333333333333333333333333
33333333333333333333333333333333333333333333333333333333333333333333333333333333333333333333333333333333
eeeeeeeeeeeeeeeeeeeeeeeeeeeeeeeeeeeeeeeeeeeeeeeeeeeeeeeeeeeeeeeeeeeeeeeeeeeeeeeeeeeeeeeeeeeeeeeeeeeeeeee