                                    4           4             4
                                                      4
3333333333333333333333333333333333333333333333333333333333333333333333333333333333333333333333333333
3000003300000000000000000000000000000000000000000000000000000000000000000000000000000000000000000000
3000003300000000000000000000000000000000000000000000000000000000000000000000000000000000000000000000
3000003300000000000000000000000000000000000000000000000000000000000000000000000000000000000000000000
3000003300000000000000000000000000000000000000000000000000000000000000000000000000000000000000000000
3000003300000000000000000000000000000000000000000000000000000000000000000000000000000000000000000000
3000003300000000000000000000000000000000000000000000000000000000000000000000000000000000000000000000
3000003300000000000000000000000000000000000000000000000000000000000000000000000000000000000000000000
3000003300000000000000000000000000000000000000000000000000000000000000000000000000000000000000000000
3000003300000000000000000000000000000000000000000000000000050000000000000000000000000000000000000000
300000000000000000000000000000000000000000000000000000000000000000000000000000000000000000000000000
300000000000000000000000000000000000000000000000000000000000000000000000000000000000000000000000000
3000003300000000000000000000000000000000000000000000000000000000000000000000000000000000000000000000
3000003300000000000000000000000000000000000000000000000000000000000000000000000000000000000000000000
3000003300000000000000000000000000000000000000000000000000000000000000000000000000000000000000000000
3000003300000000000000000000000000000000000000000000000000000000000000000000000000000000000000000000
3000u03300000000000000000000000000000000000000000000000000000000000000000000000000000000000000000000
3000003300000000000000000000000000000000000000000000000000000000000000000000000000000000000000000000
3000003300000000000000000000000000000000000000000000000000000000000000000000000000000000000000000000
3000003300000000000000000000000000000000000000000000000000000000000000000000000000000000000000000000
3000003300000000000000000000000000000000000000000000000000000000000000000000000000000000000060000000007
3111113311111111111111111111111111111111111111111111111111111111111111111111111111111111111111111111111
3222223322222222222222222222222222222222222222222222222222222222222222222222222222222222222222222222222
3m333333333333333333333m333333333333333333333m33333333333333333333333333333333333333m333333333333333333
3m333333333333333333333m33333333333333333333333m3333333333333333333333333333333333333333333333333333333
3m33333333333333333333333333333333333333333333333333333333333333333333333333333333333333333333333333333
3m33333333333333333333333333333333333333333333333333333333333333333333333333333333333333333333333333333
3333333333333333333333333333333333333333333333333333333333333333333333333333333333333333333333333333333
3333333333333333333333333333333333333333333333333333333333333333333333333333333333333333333333333333333
eeeeeeeeeeeeeeeeeeeeeeeeeeeeeeeeeeeeeeeeeeeeeeeeeee3333333333333333333333333333333333333333333333333333